SM:2022-03-15T17:00:15.3666635Z
LM:2022-03-22T06:51:02.7208824Z
CT:image/png
MA:604800
CL:1886
