SM:2022-02-10T02:14:54.6357135Z
LM:2022-02-10T03:19:32.7358628Z
CT:image/png
MA:604800
CL:9141
